[38;2;59;67;120m[48;2;47;54;110m▀[38;2;44;52;110m[48;2;31;39;99m▀▀▀▀▀▀▀▀▀▀▀▀▀▀▀▀▀▀▀▀▀▀▀▀▀▀▀▀▀▀▀▀▀▀▀▀▀▀▀▀▀▀▀▀▀▀▀▀▀▀▀▀▀▀▀▀▀▀▀▀▀▀▀▀▀▀▀▀▀▀▀▀▀▀▀▀▀▀▀▀▀▀▀▀▀▀▀▀▀▀▀▀▀▀▀▀▀▀▀
[38;2;51;56;110m[48;2;54;58;110m▀[38;2;35;41;99m[48;2;39;42;99m▀▀▀▀▀▀▀▀▀▀▀▀▀▀▀▀▀▀▀▀▀▀▀▀▀▀▀▀▀▀▀▀▀▀▀▀▀▀▀▀▀▀▀▀▀▀▀▀▀▀▀▀▀▀▀▀▀▀▀▀▀▀▀▀▀▀▀▀▀▀▀▀▀▀▀▀▀▀▀▀▀▀▀▀▀▀▀▀▀▀▀▀▀▀▀▀▀▀▀
[38;2;58;60;110m[48;2;61;62;110m▀[38;2;43;45;99m[48;2;47;47;99m▀▀▀▀▀▀▀▀▀▀▀▀▀▀▀▀▀▀▀▀▀▀▀▀▀▀▀▀▀▀▀▀▀▀▀▀▀▀▀▀▀▀▀▀▀▀▀▀▀▀▀▀▀▀▀▀▀▀▀▀▀▀▀▀▀▀▀▀▀▀▀▀▀▀▀▀▀▀▀▀▀▀▀▀▀▀▀▀▀▀▀▀▀▀▀▀▀▀▀
[38;2;65;64;110m[48;2;69;66;110m▀[38;2;51;49;99m[48;2;54;51;99m▀▀▀▀▀▀▀▀▀▀▀▀▀▀▀▀▀▀▀▀▀▀▀▀▀▀▀▀▀▀▀▀▀▀▀▀▀▀▀▀▀▀▀▀▀▀▀▀▀▀▀▀▀▀▀▀▀▀▀▀▀▀▀▀▀▀▀▀▀▀▀▀▀▀▀▀▀▀▀▀▀▀▀▀▀▀▀▀▀▀▀▀▀▀▀▀▀▀▀
[38;2;72;67;110m[48;2;76;69;109m▀[38;2;58;53;99m[48;2;62;55;98m▀▀▀▀▀▀▀▀▀▀▀▀▀▀▀▀▀▀▀▀▀▀▀▀▀▀▀▀▀▀▀▀▀▀▀▀▀▀▀▀▀▀▀▀▀▀▀▀▀▀▀▀▀▀▀▀▀▀▀▀▀▀▀▀▀▀▀▀▀▀▀▀▀▀▀▀▀▀▀▀▀▀▀▀▀▀▀▀▀▀▀▀▀▀▀▀▀▀▀
[38;2;79;71;109m[48;2;83;73;109m▀[38;2;66;57;98m[48;2;70;59;98m▀▀▀▀▀▀▀▀▀▀▀▀▀▀▀▀▀▀▀▀▀▀▀▀▀▀▀▀▀▀▀▀▀▀▀▀▀▀▀▀▀▀▀▀▀▀▀▀▀▀▀▀▀▀▀▀▀▀▀▀▀▀▀[48;2;113;96;107m▀[38;2;68;58;98m[48;2;228;191;129m▀[38;2;110;94;107m[48;2;255;214;134m▀[38;2;146;124;113m▀[38;2;152;129;115m▀[38;2;127;108;110m▀[38;2;75;65;100m[48;2;245;206;132m▀[38;2;66;57;98m[48;2;158;133;115m▀[48;2;71;60;98m▀[48;2;70;59;98m▀▀▀▀▀▀▀▀▀▀▀▀▀▀▀▀▀▀▀▀▀▀▀▀▀▀▀
[38;2;87;75;109m[48;2;90;77;109m▀[38;2;74;61;98m[48;2;78;64;98m▀▀▀▀▀▀▀▀▀▀▀▀▀▀▀▀▀▀▀▀▀▀▀▀▀▀▀▀▀▀▀▀▀▀▀▀▀▀▀▀▀▀▀▀▀▀▀▀▀▀▀▀▀▀▀▀▀▀▀▀▀[48;2;105;87;104m▀[38;2;132;111;110m[48;2;250;210;133m▀[38;2;249;209;133m[48;2;255;214;134m▀[38;2;255;214;134m▀▀▀▀▀▀▀[38;2;202;169;124m▀[38;2;79;66;99m[48;2;180;150;119m▀[38;2;74;61;98m[48;2;78;64;98m▀▀▀▀▀▀▀▀▀▀▀▀▀▀▀▀▀▀▀▀▀▀▀▀▀▀
[38;2;94;79;109m[48;2;97;81;109m▀[38;2;81;66;98m[48;2;85;68;98m▀▀▀▀▀▀▀▀▀▀▀▀▀▀▀▀▀▀▀▀▀▀▀▀▀▀▀▀▀▀▀▀▀▀▀▀▀▀▀▀▀▀▀▀▀▀▀▀▀▀▀▀▀▀▀▀▀▀▀▀▀[38;2;189;158;120m[48;2;241;202;131m▀[38;2;255;214;134m[48;2;255;214;134m▀▀▀▀▀▀▀▀▀▀[38;2;251;211;133m▀[38;2;95;78;101m[48;2;139;114;109m▀[38;2;81;66;98m[48;2;85;68;98m▀▀▀▀▀▀▀▀▀▀▀▀▀▀▀▀▀▀▀▀▀▀▀▀▀
[38;2;101;83;109m[48;2;105;85;109m▀[38;2;89;70;98m[48;2;93;72;98m▀▀▀▀▀▀▀▀▀▀▀▀▀▀▀▀▀▀▀▀▀▀▀▀▀▀▀▀▀▀▀▀▀▀▀▀▀▀▀▀▀▀▀▀▀▀▀▀▀▀▀▀▀▀▀▀▀▀▀▀[38;2;96;76;100m[48;2;95;73;98m▀[38;2;255;214;134m[48;2;252;211;133m▀[48;2;255;214;134m▀▀▀▀▀▀▀▀▀▀▀[38;2;160;132;113m[48;2;156;126;112m▀[38;2;89;70;98m[48;2;93;72;98m▀▀▀▀▀▀▀▀▀▀▀▀▀▀▀▀▀▀▀▀▀▀▀▀▀
[38;2;108;86;109m[48;2;112;88;109m▀[38;2;97;74;98m[48;2;101;76;98m▀▀▀▀▀▀▀▀▀▀▀▀▀▀▀▀▀▀▀▀▀▀▀▀▀▀▀▀▀▀▀▀▀▀▀▀▀▀▀▀▀▀▀▀▀▀▀▀▀▀▀▀▀▀▀▀▀▀▀▀▀[38;2;221;184;126m[48;2;160;129;112m▀[38;2;255;214;134m[48;2;255;214;134m▀▀▀▀▀▀▀▀▀▀[48;2;228;190;128m▀[38;2;129;102;105m[48;2;101;76;98m▀[38;2;97;74;98m▀▀▀▀▀▀▀▀▀▀▀▀▀▀▀▀▀▀▀▀▀▀▀▀▀
[38;2;115;91;109m[48;2;119;93;109m▀[38;2;105;78;98m[48;2;109;80;98m▀▀▀▀▀▀▀▀▀▀▀▀▀▀▀[48;2;107;82;117m▀[38;2;105;80;110m[48;2;106;85;141m▀[38;2;105;81;119m▀[38;2;105;78;98m[48;2;107;82;115m▀[48;2;109;80;98m▀▀▀▀▀▀▀▀▀▀▀▀▀▀▀▀▀▀▀▀▀▀▀▀▀▀▀▀▀▀▀▀▀▀▀▀▀▀▀▀▀▀[38;2;106;79;98m▀[38;2;208;172;123m[48;2;112;84;99m▀[38;2;255;214;134m[48;2;206;169;122m▀[48;2;255;214;134m▀▀▀▀▀▀[48;2;239;199;130m▀[38;2;247;207;132m[48;2;139;108;105m▀[38;2;135;105;105m[48;2;109;80;98m▀[38;2;105;78;98m▀▀▀▀▀▀▀▀▀▀▀▀▀▀▀▀▀▀▀▀▀▀▀▀▀▀
[38;2;122;94;109m[48;2;126;96;109m▀[38;2;112;82;98m[48;2;116;84;98m▀▀▀▀▀▀▀▀▀▀▀▀[48;2;116;84;99m▀[38;2;112;82;99m[48;2;109;85;127m▀[38;2;108;84;124m[48;2;106;85;141m▀[38;2;106;85;141m▀▀▀[38;2;106;85;140m▀[38;2;111;83;108m[48;2;107;85;138m▀[38;2;112;82;98m[48;2;115;84;104m▀[48;2;116;84;98m▀▀▀▀▀▀▀▀▀▀▀▀▀▀▀▀▀▀▀▀▀▀▀▀▀▀▀▀▀▀▀▀▀▀▀▀▀▀▀▀▀▀[38;2;113;83;98m▀[38;2;159;125;110m▀[38;2;213;175;123m▀[38;2;240;200;130m▀[38;2;244;204;131m▀[38;2;225;186;126m▀[38;2;178;143;114m▀[38;2;120;89;100m▀[38;2;112;82;98m▀▀▀▀▀▀▀▀▀▀▀▀▀▀▀▀▀▀▀▀▀▀▀▀▀▀▀▀
[38;2;130;98;108m[48;2;134;100;108m▀[38;2;120;86;97m[48;2;124;88;97m▀▀▀▀▀▀▀▀▀▀[48;2;119;87;109m▀[38;2;118;86;103m[48;2;107;85;138m▀[38;2;109;85;132m[48;2;106;85;141m▀[38;2;106;85;141m▀▀▀▀▀▀▀[38;2;107;85;136m▀[38;2;118;86;103m[48;2;108;85;135m▀[38;2;120;86;97m[48;2;122;88;101m▀[48;2;124;88;97m▀▀▀▀▀▀▀▀▀▀▀▀▀▀▀▀▀▀▀▀▀▀▀▀▀▀▀▀▀[48;2;123;88;101m▀[48;2;112;86;126m▀[38;2;116;86;107m[48;2;106;85;141m▀[38;2;112;85;121m▀[38;2;118;86;104m▀[38;2;120;86;97m[48;2;112;86;125m▀[48;2;122;88;102m▀[48;2;124;88;97m▀▀▀▀▀▀▀▀▀▀▀▀▀▀▀▀▀▀▀▀▀▀▀▀▀▀▀▀▀▀▀▀▀▀▀▀▀▀▀▀
[38;2;137;102;108m[48;2;141;104;108m▀[38;2;128;90;97m[48;2;132;92;97m▀▀▀▀▀▀▀▀[48;2;119;88;119m▀[38;2;119;88;115m[48;2;106;85;141m▀[38;2;106;85;140m▀[38;2;106;85;141m▀▀▀▀▀▀▀▀▀▀▀[38;2;110;86;132m▀[38;2;127;90;99m[48;2;115;88;125m▀[38;2;128;90;97m[48;2;132;92;97m▀▀▀▀▀▀▀▀▀▀▀▀▀▀▀▀▀▀▀▀▀▀▀▀▀[48;2;124;90;111m▀[38;2;127;90;98m[48;2;110;86;135m▀[38;2;118;88;117m[48;2;106;85;141m▀[38;2;107;85;139m▀[38;2;106;85;141m▀▀▀▀▀[38;2;107;85;139m▀[38;2;117;87;118m▀[38;2;127;90;99m[48;2;108;86;137m▀[38;2;128;90;97m[48;2;121;89;115m▀[48;2;132;92;98m▀[48;2;132;92;97m▀▀▀▀▀▀▀▀▀▀▀▀▀▀▀▀▀▀▀▀▀▀▀▀▀▀▀▀▀▀▀▀▀▀▀▀
[38;2;145;106;108m[48;2;149;108;108m▀[38;2;136;95;97m[48;2;141;97;97m▀▀▀▀▀[48;2;136;95;102m▀[38;2;135;94;99m[48;2;112;87;133m▀[38;2;117;88;125m[48;2;106;85;141m▀[38;2;106;85;141m▀▀▀▀▀▀▀▀▀▀▀▀▀▀▀▀[38;2;120;89;120m▀[38;2;136;95;97m[48;2;124;91;118m▀[48;2;141;97;97m▀▀▀▀▀▀▀▀▀▀▀▀▀▀▀▀▀▀▀[48;2;137;96;102m▀[48;2;118;89;125m▀[38;2;130;93;106m[48;2;106;85;141m▀[38;2;114;87;129m▀[38;2;106;85;141m▀▀▀▀▀▀▀▀▀▀▀▀▀[38;2;110;86;136m▀[38;2;124;91;114m▀[38;2;136;94;98m[48;2;111;87;135m▀[38;2;136;95;97m[48;2;129;93;112m▀[48;2;141;97;97m▀▀▀▀▀▀▀▀▀▀▀▀▀▀▀▀▀▀▀▀▀▀▀▀▀▀▀▀▀▀▀▀▀
[38;2;152;110;108m[48;2;156;112;108m▀[38;2;144;99;97m[48;2;148;101;97m▀▀▀[48;2;135;96;110m▀[38;2;136;95;107m[48;2;107;85;140m▀[38;2;109;86;137m[48;2;106;85;141m▀[38;2;106;85;141m▀▀▀▀▀▀▀▀▀▀▀▀▀▀▀▀▀▀▀▀[38;2;130;94;113m[48;2;107;85;140m▀[38;2;144;99;97m[48;2;137;96;108m▀[48;2;148;101;97m▀▀▀▀▀▀▀▀▀▀▀▀▀▀[48;2;137;96;108m▀[38;2;143;98;98m[48;2;112;87;134m▀[38;2;125;92;119m[48;2;106;85;141m▀[38;2;108;86;139m▀[38;2;106;85;141m▀▀▀▀▀▀▀▀▀▀▀▀▀▀▀▀▀▀▀▀[38;2;114;88;132m▀[38;2;134;95;109m▀[38;2;144;99;97m[48;2;119;90;128m▀[48;2;142;98;103m▀[48;2;148;101;97m▀▀▀▀▀▀▀▀▀▀▀▀▀▀▀▀▀[48;2;117;87;91m▀[38;2;139;96;96m[48;2;44;55;78m▀[38;2;115;86;92m[48;2;30;49;75m▀[38;2;144;99;97m[48;2;106;82;89m▀[48;2;148;101;97m▀▀▀▀▀▀[48;2;136;96;109m▀[38;2;140;97;102m[48;2;110;86;137m▀
[38;2;159;113;108m[48;2;163;115;108m▀[38;2;152;102;97m[48;2;154;104;98m▀[48;2;126;93;123m▀[38;2;134;96;114m[48;2;106;85;141m▀[38;2;107;85;140m▀[38;2;106;85;141m▀▀▀▀[48;2;105;85;140m▀[48;2;70;68;111m▀[38;2;91;78;128m[48;2;30;49;77m▀[38;2;42;55;87m[48;2;28;48;75m▀[38;2;90;78;128m[48;2;34;51;80m▀[38;2;106;85;141m[48;2;92;78;129m▀[48;2;106;85;141m▀▀▀▀▀▀▀▀▀▀▀▀▀[38;2;109;86;138m▀[38;2;145;100;104m[48;2;113;88;134m▀[38;2;152;102;97m[48;2;152;103;101m▀[48;2;156;104;97m▀▀▀▀▀▀▀▀[48;2;151;102;101m▀[48;2;126;93;123m▀[38;2;145;100;103m[48;2;107;85;140m▀[38;2;120;90;127m[48;2;106;85;141m▀[38;2;106;85;141m▀▀▀▀▀▀▀▀▀▀▀▀▀▀▀▀▀▀▀▀▀▀▀▀▀▀▀[38;2;107;85;140m▀[38;2;125;92;123m▀[38;2;147;101;101m[48;2;108;86;139m▀[38;2;152;102;97m[48;2;127;93;122m▀[48;2;150;102;102m▀[48;2;156;104;97m▀▀▀▀▀▀▀▀▀[48;2;150;102;96m▀[48;2;92;76;86m▀[38;2;140;97;95m[48;2;35;51;76m▀[38;2;72;67;83m[48;2;28;48;75m▀[38;2;28;48;75m▀▀▀[38;2;30;49;75m▀[38;2;108;83;89m[48;2;29;49;75m▀[38;2;152;102;97m[48;2;102;80;88m▀[48;2;156;104;97m▀[48;2;142;99;109m▀[38;2;150;102;99m[48;2;113;88;135m▀[38;2;125;92;122m[48;2;106;85;141m▀[38;2;106;85;141m▀▀
[38;2;161;115;112m[48;2;119;96;142m▀[38;2;117;89;132m[48;2;106;85;141m▀[38;2;106;85;141m▀▀▀▀▀[48;2;95;80;132m▀[38;2;103;84;138m[48;2;42;55;87m▀[38;2;53;60;96m[48;2;28;48;75m▀[38;2;28;48;75m▀▀▀▀[38;2;37;52;83m▀[38;2;99;82;135m[48;2;43;55;87m▀[38;2;106;85;141m[48;2;102;83;137m▀[48;2;106;85;141m▀▀▀▀▀▀▀▀▀▀▀▀▀[38;2;116;89;132m▀[38;2;157;105;99m[48;2;122;91;128m▀[38;2;160;106;97m[48;2;163;108;98m▀[48;2;164;108;97m▀▀▀[48;2;147;101;110m▀[38;2;159;106;98m[48;2;115;89;134m▀[38;2;136;97;116m[48;2;106;85;141m▀[38;2;109;86;139m▀[38;2;106;85;141m▀▀▀▀▀▀[48;2;98;81;135m▀[48;2;58;62;101m▀[38;2;94;79;131m[48;2;29;48;76m▀[38;2;104;84;139m[48;2;44;56;89m▀[38;2;106;85;141m[48;2;95;80;132m▀[48;2;106;85;141m▀▀▀▀▀▀▀▀▀▀▀▀▀▀▀▀▀▀▀▀▀▀▀[38;2;108;86;139m▀[38;2;132;95;120m▀[38;2;157;105;99m[48;2;110;87;138m▀[38;2;160;106;97m[48;2;138;98;117m▀[48;2;162;108;98m▀[48;2;164;108;97m▀▀[48;2;151;103;95m▀[48;2;76;69;83m▀[38;2;126;91;91m[48;2;28;48;75m▀[38;2;46;56;78m▀[38;2;28;48;75m▀▀▀▀▀▀▀▀▀[38;2;87;75;102m[48;2;29;48;76m▀[38;2;106;85;141m[48;2;79;72;118m▀[48;2;106;85;141m▀▀▀▀
[38;2;113;92;143m[48;2;113;92;143m▀[38;2;106;85;141m[48;2;106;85;141m▀▀▀[48;2;103;84;138m▀[48;2;60;63;102m▀[38;2;82;74;121m[48;2;28;48;75m▀[38;2;33;50;79m▀[38;2;28;48;75m▀▀▀▀▀▀▀▀[38;2;48;57;92m▀[38;2;104;84;139m[48;2;50;59;94m▀[38;2;106;85;141m[48;2;103;84;139m▀[48;2;106;85;141m▀▀▀▀▀▀▀▀▀▀▀▀▀[38;2;130;95;124m▀[38;2;167;110;97m[48;2;123;92;129m▀[38;2;159;107;103m[48;2;108;86;139m▀[38;2;123;92;128m[48;2;106;85;141m▀[38;2;106;85;141m▀▀▀▀▀▀[48;2;105;84;140m▀[48;2;77;71;116m▀[38;2;103;84;139m[48;2;38;53;84m▀[38;2;68;67;109m[48;2;28;48;75m▀[38;2;32;50;78m▀[38;2;28;48;75m▀▀▀[38;2;31;49;78m▀[38;2;72;69;112m▀[38;2;105;85;140m[48;2;44;56;89m▀[38;2;106;85;141m[48;2;89;77;127m▀[48;2;106;85;141m▀▀▀▀▀▀▀▀▀▀▀▀▀▀▀▀▀▀▀▀▀▀▀▀[38;2;113;88;136m[48;2;88;77;126m▀[38;2;145;101;111m[48;2;45;56;89m▀[38;2;108;84;88m[48;2;28;48;75m▀[38;2;36;52;76m▀[38;2;28;48;75m▀▀▀▀▀▀▀▀▀▀▀▀▀[38;2;29;48;76m▀[38;2;79;72;118m[48;2;29;48;76m▀[38;2;106;85;141m[48;2;73;69;113m▀[48;2;106;85;141m▀▀
[38;2;114;92;143m[48;2;114;92;143m▀[38;2;106;85;141m[48;2;106;85;141m▀[48;2;87;76;125m▀[38;2;98;81;135m[48;2;36;52;81m▀[38;2;44;56;89m[48;2;28;48;75m▀[38;2;28;48;75m▀▀▀▀▀▀▀▀▀▀▀▀▀[38;2;51;59;94m▀[38;2;105;84;140m[48;2;63;65;104m▀[38;2;106;85;141m[48;2;106;85;141m▀▀▀▀▀▀▀▀▀▀▀▀▀▀▀▀▀▀▀[48;2;93;79;130m▀[48;2;49;58;92m▀[38;2;83;74;121m[48;2;28;48;75m▀[38;2;40;54;85m▀[38;2;28;48;75m▀▀▀▀▀▀▀▀▀▀▀[38;2;65;65;106m▀[38;2;105;84;140m[48;2;44;55;88m▀[38;2;106;85;141m[48;2;92;79;130m▀[48;2;106;85;141m▀▀▀▀▀▀▀▀▀▀▀▀▀▀▀▀▀[48;2;105;85;140m▀[48;2;73;70;113m▀[38;2;99;82;135m[48;2;33;50;79m▀[38;2;56;61;99m[48;2;28;48;75m▀[38;2;28;48;75m▀▀▀▀▀▀▀▀▀▀▀▀▀▀▀▀▀▀▀▀[38;2;68;67;109m▀[38;2;106;85;141m[48;2;73;69;113m▀
[38;2;114;92;143m[48;2;59;65;98m▀[38;2;71;69;112m[48;2;28;48;75m▀[38;2;29;49;76m▀[38;2;28;48;75m▀▀▀▀▀▀▀▀▀▀▀▀▀▀▀▀▀[38;2;75;70;114m[48;2;29;48;76m▀[38;2;106;85;141m[48;2;76;71;116m▀[48;2;106;85;141m▀▀▀▀▀▀▀▀▀▀▀▀▀[48;2;102;83;137m▀[48;2;69;67;109m▀[38;2;102;83;137m[48;2;34;51;80m▀[38;2;65;65;106m[48;2;28;48;75m▀[38;2;30;49;77m▀[38;2;28;48;75m▀▀▀▀▀▀▀▀▀▀▀▀▀▀▀▀[38;2;30;49;77m▀[38;2;68;67;109m▀[38;2;105;84;140m[48;2;42;55;87m▀[38;2;106;85;141m[48;2;89;77;126m▀[48;2;106;85;141m▀▀▀▀▀▀▀▀▀▀▀[48;2;100;82;136m▀[48;2;62;64;104m▀[38;2;95;80;132m[48;2;30;49;77m▀[38;2;47;57;91m[48;2;28;48;75m▀[38;2;28;48;75m▀▀▀▀▀▀▀▀▀▀▀▀▀▀▀▀▀▀▀▀▀▀▀▀[38;2;29;48;76m▀
[38;2;37;54;81m[48;2;38;54;81m▀[38;2;28;48;75m[48;2;28;48;75m▀▀▀▀▀▀▀▀▀▀▀▀▀▀▀▀▀▀▀▀▀[38;2;78;72;118m[48;2;30;49;76m▀[38;2;106;85;141m[48;2;84;75;123m▀[48;2;106;85;141m▀▀▀▀▀▀▀▀[48;2;89;77;126m▀[48;2;45;56;90m▀[38;2;76;71;116m[48;2;28;48;75m▀[38;2;34;51;80m▀[38;2;28;48;75m▀▀▀▀▀▀▀▀▀▀▀▀▀▀▀▀▀▀▀▀▀▀▀[38;2;29;48;76m▀[38;2;65;65;106m▀[38;2;104;84;139m[48;2;41;54;86m▀[38;2;106;85;141m[48;2;90;77;127m▀[48;2;106;85;141m▀▀▀▀▀[48;2;95;80;132m▀[38;2;105;85;140m[48;2;47;57;91m▀[38;2;73;70;113m[48;2;28;48;75m▀[38;2;33;50;79m▀[38;2;28;48;75m▀▀▀▀▀▀▀▀▀▀▀▀▀▀▀▀▀▀▀▀▀▀▀▀▀▀▀▀
[38;2;38;54;81m[48;2;38;54;81m▀[38;2;28;48;75m[48;2;28;48;75m▀▀▀▀▀▀▀▀▀▀▀▀▀▀▀▀▀▀▀▀▀▀[38;2;32;50;78m▀[38;2;92;78;129m[48;2;37;52;83m▀[38;2;106;85;141m[48;2;96;80;132m▀[48;2;106;85;141m▀▀[48;2;100;82;136m▀[48;2;63;65;104m▀[38;2;96;80;133m[48;2;30;49;77m▀[38;2;55;61;98m[48;2;28;48;75m▀[38;2;28;48;75m▀▀▀▀▀▀▀▀▀▀▀▀▀▀▀▀▀▀▀▀▀▀▀▀▀▀▀▀▀▀[38;2;29;49;76m▀[38;2;65;65;106m▀[38;2;104;84;139m[48;2;42;55;87m▀[38;2;106;85;141m[48;2;72;69;112m▀[38;2;104;84;139m[48;2;38;53;83m▀[38;2;67;67;108m[48;2;28;48;75m▀[38;2;30;49;77m▀[38;2;28;48;75m▀▀▀▀▀▀▀▀▀▀▀▀▀▀▀▀▀▀▀▀▀▀▀▀▀▀▀[48;2;28;49;76m▀[48;2;35;64;89m▀[48;2;43;83;107m▀[48;2;52;103;125m▀
[38;2;38;54;81m[48;2;38;54;81m▀[38;2;28;48;75m[48;2;28;48;75m▀▀▀▀▀▀▀▀▀▀▀▀▀▀▀▀▀▀▀▀▀▀▀▀[38;2;38;53;83m▀[38;2;96;80;132m[48;2;29;48;76m▀[38;2;69;68;110m[48;2;28;48;75m▀[38;2;32;50;79m▀[38;2;28;48;75m▀▀▀▀▀▀▀▀▀▀▀[48;2;30;52;78m▀[48;2;37;68;93m▀[48;2;44;85;109m▀[48;2;52;103;124m▀[48;2;58;118;138m▀[48;2;59;119;139m▀[48;2;59;119;140m▀[38;2;29;51;78m[48;2;58;116;137m▀[38;2;36;66;92m[48;2;51;101;123m▀[38;2;32;58;84m[48;2;55;109;130m▀[38;2;28;48;75m[48;2;59;120;140m▀▀▀[48;2;54;108;129m▀[48;2;46;88;111m▀[48;2;37;69;94m▀[48;2;30;52;78m▀[48;2;28;48;75m▀▀▀▀▀▀▀▀▀▀▀▀▀▀▀▀▀▀▀▀▀▀▀▀▀▀▀▀[48;2;29;50;77m▀[48;2;37;69;94m▀[48;2;47;91;114m▀[48;2;56;112;133m▀[48;2;59;120;140m▀▀[38;2;32;57;83m[48;2;55;111;132m▀[38;2;41;79;103m[48;2;46;89;112m▀[38;2;51;100;122m[48;2;37;68;93m▀[38;2;59;118;139m[48;2;29;49;76m▀[38;2;59;120;140m[48;2;28;48;75m▀[38;2;59;119;139m▀[38;2;51;102;123m▀[38;2;42;80;104m▀[38;2;32;57;83m▀
[38;2;64;117;138m[48;2;38;54;81m▀[38;2;59;118;139m[48;2;28;48;75m▀[38;2;57;115;136m[48;2;29;50;77m▀[38;2;53;105;127m[48;2;33;60;86m▀[38;2;48;93;116m[48;2;38;70;95m▀[38;2;43;82;105m[48;2;42;80;104m▀[38;2;38;71;95m[48;2;46;90;113m▀[38;2;33;60;86m[48;2;50;99;121m▀[38;2;29;50;76m[48;2;54;108;130m▀[38;2;28;48;75m[48;2;55;110;131m▀▀▀▀▀▀[48;2;52;103;124m▀[48;2;48;93;116m▀[48;2;44;84;107m▀[48;2;39;74;99m▀[48;2;35;64;89m▀[48;2;30;54;80m▀[48;2;28;48;75m▀▀▀▀[48;2;29;51;78m▀[48;2;36;65;91m▀[48;2;42;80;104m▀[48;2;49;96;118m▀[48;2;55;109;130m▀[48;2;55;111;132m▀▀▀[38;2;29;51;77m[48;2;54;108;129m▀[38;2;37;68;93m[48;2;48;93;116m▀[38;2;45;86;109m[48;2;41;77;101m▀[38;2;52;103;125m[48;2;34;62;88m▀[38;2;58;118;138m[48;2;29;49;76m▀[38;2;59;120;140m[48;2;28;48;75m▀▀[38;2;58;116;136m▀[38;2;50;99;121m▀[38;2;43;82;106m▀[38;2;35;65;90m▀[38;2;29;50;77m▀[38;2;28;48;75m▀▀▀▀▀▀▀▀[38;2;33;60;86m▀[38;2;42;79;103m▀[38;2;50;99;121m▀[38;2;58;116;136m▀[38;2;59;120;140m▀▀[38;2;58;117;137m[48;2;29;51;77m▀[38;2;50;99;121m[48;2;36;66;91m▀[38;2;42;81;105m[48;2;43;82;106m▀[38;2;34;62;88m[48;2;50;98;120m▀[38;2;28;49;76m[48;2;55;110;131m▀[38;2;28;48;75m[48;2;55;111;132m▀▀▀[48;2;52;103;124m▀[48;2;45;87;110m▀[48;2;37;70;94m▀[48;2;30;53;79m▀[48;2;28;48;75m▀▀[48;2;28;49;76m▀[48;2;35;65;90m▀[48;2;44;85;108m▀[48;2;52;104;125m▀[48;2;56;111;132m▀[48;2;55;111;132m▀▀[38;2;33;60;86m[48;2;51;100;122m▀[38;2;43;82;105m[48;2;43;81;105m▀[38;2;52;103;125m[48;2;34;62;88m▀[38;2;59;119;139m[48;2;28;49;76m▀[38;2;59;120;140m[48;2;28;48;75m▀[38;2;58;118;138m▀[38;2;50;99;121m▀[38;2;41;77;101m▀[38;2;31;56;82m▀[38;2;28;48;75m▀▀▀▀▀▀▀▀▀▀▀
[38;2;38;54;81m[48;2;38;54;81m▀[38;2;28;48;75m[48;2;28;48;75m▀▀▀▀▀▀▀▀▀▀▀▀▀▀[38;2;32;56;82m▀[38;2;36;67;92m▀[38;2;41;78;102m▀[38;2;46;89;112m▀[38;2;51;101;123m▀[38;2;56;113;133m▀[38;2;59;119;139m▀▀▀[38;2;59;120;140m▀[38;2;58;116;137m▀[38;2;51;100;122m▀[38;2;43;83;106m▀[38;2;36;65;91m▀[38;2;29;50;77m▀[38;2;28;48;75m▀▀▀▀▀▀▀▀▀▀▀▀▀▀▀▀▀▀▀▀▀▀▀▀▀▀▀▀▀▀▀▀▀▀▀▀▀[38;2;32;57;83m▀[38;2;40;75;100m▀[38;2;48;95;117m▀[38;2;57;114;135m▀[38;2;59;120;140m▀▀[38;2;59;119;139m▀[38;2;51;101;123m▀[38;2;41;78;102m▀[38;2;32;56;82m▀[38;2;28;48;75m▀▀▀▀▀▀▀▀▀▀▀▀▀▀▀▀▀▀▀▀▀▀▀
[38;2;38;54;81m[48;2;38;55;81m▀[38;2;28;48;75m[48;2;28;48;75m▀▀▀▀▀▀▀▀▀▀▀▀▀▀▀▀▀▀▀▀▀▀▀▀▀▀▀▀▀▀▀▀▀▀▀▀▀▀▀▀▀▀▀▀▀▀▀▀▀▀▀▀▀▀▀▀▀▀▀▀▀▀▀▀▀▀▀▀▀▀▀▀▀▀▀▀▀▀▀▀▀▀▀▀▀▀▀▀▀▀▀▀▀▀▀▀▀▀▀
[38;2;38;55;81m[48;2;38;55;81m▀[38;2;28;48;75m[48;2;28;48;75m▀▀▀▀▀▀▀▀▀▀▀▀▀▀▀▀▀▀▀▀▀▀▀▀▀▀▀▀▀▀▀▀▀▀▀▀▀▀▀▀▀▀▀▀▀▀▀▀▀▀▀▀▀▀▀▀▀▀▀▀▀▀▀▀▀▀▀▀▀▀▀▀▀▀▀▀▀▀▀▀▀▀▀▀▀▀▀▀▀▀▀▀▀▀▀▀▀▀▀
[38;2;38;55;81m[48;2;38;55;81m▀[38;2;28;48;75m[48;2;28;48;75m▀▀▀▀▀▀▀▀▀▀▀▀▀▀▀▀▀▀▀▀▀▀▀▀▀▀▀▀▀▀▀▀▀▀▀▀▀▀▀▀▀▀▀▀▀▀▀▀▀▀▀▀▀▀▀▀▀▀▀▀▀▀▀▀▀▀▀▀▀▀▀▀▀▀▀▀▀▀▀▀▀▀▀▀▀▀▀▀▀▀▀▀▀▀▀▀▀▀▀[0m